data/images/0.png 26 26 72 18 50 44 41 75 71 68 71 67
data/images/1.png 24 25 69 18 48 45 42 72 70 67 70 67
data/images/10.png 24 21 65 20 40 49 37 72 64 72 64 72
data/images/11.png 28 28 63 19 43 52 46 77 67 71 67 71
data/images/12.png 28 27 64 18 41 49 43 76 65 71 65 71
data/images/13.png 25 26 66 20 42 50 40 77 67 73 67 73
data/images/14.png 26 26 66 21 45 51 42 76 68 73 68 73
data/images/15.png 25 25 66 20 44 51 41 76 69 72 69 72
data/images/16.png 25 22 67 17 43 48 40 74 68 70 68 70
data/images/17.png 27 26 65 21 41 50 38 74 60 72 60 72
data/images/18.png 28 26 66 20 43 50 43 76 69 71 69 71
data/images/2.png 30 21 67 20 38 47 35 71 54 72 54 72
data/images/3.png 27 21 71 19 51 45 41 72 64 70 64 70
data/images/4.png 27 20 70 19 49 47 38 70 64 69 64 69
data/images/5.png 23 21 68 22 45 49 35 72 64 71 64 71
data/images/6.png 29 21 61 20 36 47 35 70 57 70 57 70
data/images/7.png 26 23 71 21 49 47 36 72 66 71 66 71
data/images/8.png 27 20 69 21 47 49 35 71 63 71 63 71
data/images/9.png 27 19 71 20 48 50 37 70 64 70 64 70
